 maxeval_ppm_unl=[
 -5.93769842E-15 -5.93769842E-15 -5.93769842E-15 -5.93769842E-15 -5.93769842E-15 -5.93769842E-15 -5.93769842E-15 -5.93769842E-15 -5.93769842E-15 -5.93769842E-15 -5.93769842E-15 -5.93769842E-15 -5.93769842E-15 -5.93769842E-15 -5.93769842E-15 -5.93769842E-15 -5.93769842E-15 -5.93769842E-15 -5.93769842E-15 -5.93769842E-15 -5.93769842E-15 -5.93769842E-15 -5.93769842E-15 -5.93769842E-15 -5.93769842E-15 -5.93769842E-15 -5.93769842E-15 -5.93769842E-15 -5.93769842E-15 -5.93769842E-15 -5.93769842E-15 -5.93769842E-15 -5.93769842E-15 -5.93769842E-15 -5.93769842E-15 -5.93769842E-15 -5.93769842E-15 -5.93769842E-15 -5.93769842E-15 -5.93769842E-15 -5.93769842E-15 -5.93769842E-15 -5.93769842E-15 -5.93769842E-15 -5.93769842E-15 -5.93769842E-15 -5.93769842E-15 -5.93769842E-15 -5.93769842E-15 -5.93769842E-15 -5.93769842E-15 -5.93769842E-15 -5.93769842E-15 -5.93769842E-15 -5.93769842E-15 -5.93769842E-15 -5.93769842E-15 -5.93769842E-15 -5.93769842E-15 -5.93769842E-15 -5.93769842E-15 -5.93769842E-15 -5.93769842E-15 -5.93769842E-15 -5.93769842E-15 -5.93769842E-15 -5.93769842E-15 -5.93769842E-15 -5.93769842E-15 -5.93769842E-15 -5.93769842E-15 -5.93769842E-15 -5.93769842E-15 -5.93769842E-15 -5.93769842E-15 -5.93769842E-15 -5.93769842E-15 -5.93769842E-15 -5.93769842E-15 -5.93769842E-15 -5.93769842E-15 -5.93769842E-15 -5.93769842E-15 -5.93769842E-15 -5.93769842E-15 -5.93769842E-15 -5.93769842E-15 -5.93769842E-15 -5.93769842E-15 -5.93769842E-15 -5.93769842E-15 -5.93769842E-15 -5.93769842E-15 -5.93769842E-15 -5.93769842E-15 -5.93769842E-15 -5.93769842E-15 -5.93769842E-15 -5.93769842E-15 -5.93769842E-15 -5.93769842E-15 -5.93769842E-15 -5.93769842E-15 -5.93769842E-15 -5.93769842E-15 -5.93769842E-15 -5.93769842E-15 -5.93769842E-15 -5.93769842E-15 -5.93769842E-15 -5.93769842E-15 -5.93769842E-15 -5.93769842E-15 -5.93769842E-15 -5.93769842E-15 -5.93769842E-15 -5.93769842E-15 -5.93769842E-15 -5.93769842E-15 -5.93769842E-15 -5.93769842E-15 -5.93769842E-15 -5.93769842E-15 -5.93769842E-15 -5.93769842E-15 -5.93769842E-15 -5.93769842E-15 -5.93769842E-15 -5.93769842E-15 -5.93769842E-15 -5.93769842E-15 -5.93769842E-15 -5.93769842E-15 -5.93769842E-15 -5.93769842E-15 -5.93769842E-15 -5.93769842E-15 -5.93769842E-15 -5.93769842E-15 -5.93769842E-15 -5.93769842E-15 -5.93769842E-15 -5.93769842E-15 -5.93769842E-15 -5.93769842E-15 -5.93769842E-15 -5.93769842E-15 -5.93769842E-15 -5.93769842E-15 -5.93769842E-15 -5.93769842E-15 -5.93769842E-15 -5.93769842E-15 -5.93769842E-15 -5.93769842E-15 -5.93769842E-15 -5.93769842E-15 -5.93769842E-15 -5.93769842E-15 -5.93769842E-15 -5.93769842E-15 -5.93769842E-15 -5.93769842E-15 -5.93769842E-15 -5.93769842E-15 -5.93769842E-15 -5.93769842E-15 -5.93769842E-15 -5.93769842E-15 -5.93769842E-15 -5.93769842E-15 -5.93769842E-15 -5.93769842E-15 -5.93769842E-15 -5.93769842E-15 -5.93769842E-15 -5.93769842E-15 -5.93769842E-15 -5.93769842E-15 -5.93769842E-15 -5.93769842E-15 -5.93769842E-15 -5.93769842E-15 -5.93769842E-15 -5.93769842E-15 -5.93769842E-15 -5.93769842E-15 -5.93769842E-15 -5.93769842E-15 -5.93769842E-15 -5.93769842E-15 -5.93769842E-15 -5.93769842E-15 -5.93769842E-15 -5.93769842E-15 -5.93769842E-15 -5.93769842E-15 -5.93769842E-15 -5.93769842E-15 -5.93769842E-15 -5.93769842E-15 -5.93769842E-15 -5.93769842E-15 -5.93769842E-15 -5.93769842E-15 -5.93769842E-15 -5.93769842E-15 -5.93769842E-15 -5.93769842E-15 -5.93769842E-15 -5.93769842E-15 -5.93769842E-15 -5.93769842E-15 -5.93769842E-15 -5.93769842E-15 -5.93769842E-15 -5.93769842E-15 -5.93769842E-15 -5.93769842E-15 -5.93769842E-15 -5.93769842E-15 -5.93769842E-15 -5.93769842E-15 -5.93769842E-15 -5.93769842E-15 -5.93769842E-15 -5.93769842E-15 -5.93769842E-15 -5.93769842E-15 -5.93769842E-15 -5.93769842E-15 -5.93769842E-15 -5.93769842E-15 -5.93769842E-15 -5.93769842E-15 -5.93769842E-15 -5.93769842E-15 -5.93769842E-15 -5.93769842E-15 -5.93769842E-15 -5.93769842E-15 -5.93769842E-15 -5.93769842E-15 -5.93769842E-15 -5.93769842E-15 -5.93769842E-15 -5.93769842E-15 -5.93769842E-15 -5.93769842E-15 -5.93769842E-15 -5.93769842E-15 -5.93769842E-15 -5.93769842E-15 -5.93769842E-15 -5.93769842E-15 -5.93769842E-15 -5.93769842E-15 -5.93769842E-15 -5.93769842E-15 -5.93769842E-15 -5.93769842E-15 -5.93769842E-15 -5.93769842E-15 -5.93769842E-15 -5.93769842E-15 -5.93769842E-15 -5.93769842E-15 -5.93769842E-15 -5.93769842E-15 -5.93769842E-15 -5.93769842E-15 -5.93769842E-15 -5.93769842E-15 -5.93769842E-15 -5.93769842E-15 -5.93769842E-15 -5.93769842E-15 -5.93769842E-15 -5.93769842E-15 -5.93769842E-15 -5.93769842E-15 -5.93769842E-15 -5.93769842E-15 -5.93769842E-15 -5.93769842E-15 -5.93769842E-15 -5.93769842E-15 -5.93769842E-15 -5.93769842E-15 -5.93769842E-15 -5.93769842E-15 -5.93769842E-15   0.0000000       0.0000000       0.0000000       0.0000000       0.0000000       0.0000000       0.0000000       0.0000000       0.0000000       0.0000000       0.0000000       0.0000000       0.0000000       0.0000000       0.0000000       0.0000000       0.0000000       0.0000000       0.0000000       0.0000000       0.0000000       0.0000000       0.0000000       0.0000000       0.0000000       0.0000000       0.0000000       0.0000000       0.0000000       0.0000000       0.0000000       0.0000000       0.0000000       0.0000000       0.0000000       0.0000000       0.0000000       0.0000000       0.0000000       0.0000000       0.0000000       0.0000000       0.0000000       0.0000000       0.0000000       0.0000000       0.0000000       0.0000000       0.0000000       0.0000000       0.0000000       0.0000000       0.0000000       0.0000000       0.0000000       0.0000000       0.0000000       0.0000000       0.0000000       0.0000000       0.0000000       0.0000000       0.0000000       0.0000000       0.0000000       0.0000000       0.0000000       0.0000000       0.0000000       0.0000000       0.0000000       0.0000000       0.0000000       0.0000000       0.0000000       0.0000000       0.0000000       0.0000000       0.0000000       0.0000000       0.0000000       0.0000000       0.0000000       0.0000000       0.0000000       0.0000000       0.0000000       0.0000000       0.0000000       0.0000000       0.0000000       0.0000000       0.0000000       0.0000000       0.0000000       0.0000000       0.0000000       0.0000000       0.0000000       0.0000000       0.0000000       0.0000000       0.0000000       0.0000000       0.0000000       0.0000000       0.0000000       0.0000000       0.0000000       0.0000000       0.0000000       0.0000000       0.0000000       0.0000000       0.0000000       0.0000000       0.0000000       0.0000000       0.0000000       0.0000000       0.0000000       0.0000000       0.0000000       0.0000000       0.0000000       0.0000000       0.0000000       0.0000000       0.0000000       0.0000000       0.0000000       0.0000000       0.0000000       0.0000000       0.0000000       0.0000000       0.0000000       0.0000000       0.0000000       0.0000000       0.0000000       0.0000000       0.0000000       0.0000000       0.0000000       0.0000000       0.0000000       0.0000000       0.0000000       0.0000000       0.0000000       0.0000000       0.0000000       0.0000000       0.0000000       0.0000000       0.0000000       0.0000000       0.0000000       0.0000000       0.0000000       0.0000000       0.0000000       0.0000000       0.0000000       0.0000000       0.0000000       0.0000000       0.0000000       0.0000000       0.0000000       0.0000000       0.0000000       0.0000000       0.0000000       0.0000000       0.0000000       0.0000000       0.0000000       0.0000000       0.0000000       0.0000000       0.0000000       0.0000000       0.0000000       0.0000000       0.0000000       0.0000000       0.0000000       0.0000000       0.0000000       0.0000000       0.0000000       0.0000000       0.0000000       0.0000000       0.0000000       0.0000000       0.0000000       0.0000000       0.0000000       0.0000000       0.0000000       0.0000000       0.0000000       0.0000000       0.0000000 