 q_free=[
   0.0000000       0.0000000       0.0000000       0.0000000       0.0000000       0.0000000       0.0000000       0.0000000       0.0000000       0.0000000       0.0000000       0.0000000       0.0000000       0.0000000       0.0000000       0.0000000       1.0000000       1.0000000       1.0000000       1.0000000       1.0000000       1.0000000       1.0000000       1.0000000       1.0000000       1.0000000       1.0000000       1.0000000       1.0000000       1.0000000       1.0000000       1.0000000       1.0000000       1.0000000       1.0000000       1.0000000       1.0000000       1.0000000       1.0000000       1.0000000       1.0000000       1.0000000       1.0000000       1.0000000       1.0000000       1.0000000       1.0000000       0.0000000       0.0000000       0.0000000       0.0000000       0.0000000       0.0000000       0.0000000       0.0000000       0.0000000       0.0000000       0.0000000       0.0000000       0.0000000       0.0000000       0.0000000       0.0000000       0.0000000     ;...
 ];
 qppm_unl_free=[
  0.97724634      0.96091563       1.0122373       1.0620399       1.0245490      0.93093747      0.90523112       1.0066636       1.1409758       1.1493367      0.96135879      0.64363688      0.32642579      0.10742676      5.36905136E-03 -2.07215939E-02 -1.65330078E-02 -4.76373918E-03  2.21357145E-03 -4.78181057E-04 -2.22245278E-03  3.13706649E-03  2.91566504E-03 -5.31808939E-03 -3.17941094E-03  8.19548592E-03  3.75493802E-03 -1.19551839E-02 -5.60468156E-03  1.65886395E-02  1.04401978E-02 -2.12655459E-02 -2.08695047E-02  2.26525795E-02  3.91989574E-02 -1.22149792E-02 -6.22513257E-02 -2.43424140E-02  6.91728592E-02  9.43236500E-02 -6.38805842E-03 -0.14054032     -0.15016873      3.86871845E-02  0.35761690      0.67252952      0.89140612      0.99702173       1.0209937       1.0127536       1.0063494       1.0026995      0.99602932      0.99657553       1.0052214       1.0032029      0.99184144      0.99626338       1.0119282       1.0056245      0.98342121      0.98950917       1.0213201       1.0208786     ;...
 ];
 qppm_lin_free=[
   1.0000000       1.0000000       1.0000000       1.0000000       1.0000000      0.99999994      0.99999946      0.99999076      0.99984330      0.99734753      0.95525444      0.72150832      0.38763040      0.12300995      1.44517152E-02  9.06059402E-04  5.49787292E-05  3.32268201E-06  2.00656842E-07  1.20905250E-08  7.26573024E-10  4.35354149E-11  2.60002458E-12  1.54702125E-13  9.16549365E-15  5.39585822E-16  3.11632024E-17  1.90268477E-18  5.68981147E-19  6.75842905E-19  3.89600993E-18  6.46046587E-17  1.15316241E-15  2.03897737E-14  3.57194770E-13  6.21281282E-12  1.07441479E-10  1.84863991E-09  3.16778035E-08  5.41248937E-07  9.22426898E-06  1.56699301E-04  2.65248097E-03  4.47455682E-02  0.27849168      0.61236960      0.87699008      0.98554826      0.99909395      0.99994504      0.99999666      0.99999982       1.0000000       1.0000000       1.0000000       1.0000000       1.0000000       1.0000000       1.0000000       1.0000000       1.0000000       1.0000000       1.0000000       1.0000000     ;...
 ];
 qppm_cwl_free=[
  0.99999970      0.99999779      0.99999374      0.99998355      0.99993569      0.99967104      0.99805391      0.99533838      0.99360949      0.98476315      0.93492293      0.70359707      0.39449123      0.15460853      3.35909575E-02  5.80415549E-03  1.26785622E-03  3.03956913E-04  5.45135772E-05  1.02309286E-05  2.11118231E-06  4.29857323E-07  5.95747949E-08  1.78769746E-08  3.00000402E-09  2.44783804E-10  6.08916806E-11  2.91812885E-12 -2.38986782E-12  6.88897984E-12  2.01972550E-10  2.93333202E-09  2.68692411E-08  2.99296005E-07  9.92407422E-07  1.40842519E-06  3.85061367E-06  1.92748867E-05  9.72255730E-05  6.63818384E-04  1.27258990E-03  2.59282952E-03  1.13646286E-02  6.63337484E-02  0.30416903      0.61054087      0.84774113      0.96645296      0.99262685      0.99719709      0.99914408      0.99982285      0.99996465      0.99999142      0.99999857      0.99999946      0.99999988       1.0000000       1.0000000       1.0000000       1.0000000       1.0000000       1.0000000      0.99999994     ;...
 ];
 qppm_csl_free=[
   1.0000000       1.0000000       1.0000000       1.0000000       1.0000000       1.0000000       1.0000000      0.99999994      0.99999493      0.99939716      0.94763368      0.69689459      0.38128629      0.14338697      2.84097921E-02  2.59046676E-03  3.78281577E-04  2.64016144E-05  1.79558435E-06  1.07928919E-07  5.57091795E-09  2.94573865E-10  2.49185481E-11  3.13716696E-12  3.55733048E-13  3.74411704E-14  5.27543851E-15  4.98032715E-16  6.02302365E-17  2.94700299E-18 -2.76307110E-18 -3.40912512E-19  3.43211563E-17  4.35240045E-16  4.84825608E-15  5.18751674E-14  4.64706290E-13  4.50955853E-12  4.54356622E-11  2.02949835E-09  1.54187987E-07  1.54953614E-05  9.73538437E-04  5.43498062E-02  0.30668855      0.61942530      0.85447234      0.96943712      0.99527001      0.99950671      0.99987906      0.99998516      0.99999666      0.99999976      0.99999994       1.0000000       1.0000000       1.0000000       1.0000000       1.0000000       1.0000000       1.0000000       1.0000000       1.0000000     ;...
 ];
 q3rd_free=[
   1.0015473       1.0023441      0.99936599      0.99245614      0.98824281      0.99778831       1.0259167       1.0592273       1.0647284       1.0047940      0.86056370      0.64721078      0.40934086      0.19932102      5.31572737E-02 -2.15274114E-02 -4.10639457E-02 -3.14668790E-02 -1.47900535E-02 -2.74513126E-03  2.27199821E-03  2.63688876E-03  1.38685270E-03  3.01208522E-04 -1.56309034E-04 -1.72983855E-04 -5.49610231E-05 -1.69524155E-05 -8.95534249E-05 -7.41946133E-05  2.29459576E-04  5.30025689E-04  9.20515686E-06 -1.54743704E-03 -2.34328001E-03  6.34452037E-04  7.54392007E-03  1.17571466E-02  2.21166690E-03 -2.59167515E-02 -5.92273660E-02 -6.47283271E-02 -4.79397457E-03  0.13943632      0.35278922      0.59065914      0.80067903      0.94684279       1.0215273       1.0410638       1.0314673       1.0147904       1.0027435      0.99772614      0.99736822      0.99862176      0.99968600       1.0001191       1.0001875       1.0001873       1.0000960      0.99976116      0.99945933      0.99998659     ;...
 ];
 q3rdul_free=[
   1.0000000       1.0000000       1.0000000       1.0000000       1.0000000       1.0000000       1.0000000       1.0000000       1.0000000      0.98693645      0.87147278      0.66435486      0.42000109      0.20100434      5.47721088E-02  1.45877595E-03   0.0000000       0.0000000       0.0000000       0.0000000       0.0000000       0.0000000       0.0000000       0.0000000       0.0000000       0.0000000       0.0000000       0.0000000       0.0000000       0.0000000       0.0000000       0.0000000       0.0000000       0.0000000       0.0000000       0.0000000       0.0000000       0.0000000       0.0000000       0.0000000       0.0000000       0.0000000      1.30633619E-02  0.12852693      0.33564496      0.57999897      0.79899591      0.94522816      0.99854130       1.0000000       1.0000000       1.0000000       1.0000000       1.0000000       1.0000000       1.0000000       1.0000000       1.0000000       1.0000000       1.0000000       1.0000000       1.0000000       1.0000000       1.0000000     ;...
 ];
