 q_free=[
   0.0000000       0.0000000       0.0000000       0.0000000       0.0000000       0.0000000       0.0000000       0.0000000       0.0000000       0.0000000       0.0000000       0.0000000       0.0000000       0.0000000       0.0000000       0.0000000       1.0000000       1.0000000       1.0000000       1.0000000       1.0000000       1.0000000       1.0000000       1.0000000       1.0000000       1.0000000       1.0000000       1.0000000       1.0000000       1.0000000       1.0000000       1.0000000       1.0000000       1.0000000       1.0000000       1.0000000       1.0000000       1.0000000       1.0000000       1.0000000       1.0000000       1.0000000       1.0000000       1.0000000       1.0000000       1.0000000       1.0000000       0.0000000       0.0000000       0.0000000       0.0000000       0.0000000       0.0000000       0.0000000       0.0000000       0.0000000       0.0000000       0.0000000       0.0000000       0.0000000       0.0000000       0.0000000       0.0000000       0.0000000     ;...
 ];
 qppm_lin_free=[
  9.60489123E-18  3.75096464E-17  5.13645120E-16  8.45976020E-15  1.40713735E-13  2.33975838E-12  3.88819671E-11  6.45889009E-10  1.07259304E-08  1.78044004E-07  2.95344148E-06  4.89480735E-05  8.10375030E-04  1.34016788E-02  0.13471362      0.39632955      0.67902380      0.89154655      0.98518366      0.99900383      0.99993789      0.99999619      0.99999976       1.0000000       1.0000000       1.0000000       1.0000000       1.0000000       1.0000000       1.0000000       1.0000000       1.0000000       1.0000000       1.0000000       1.0000000       1.0000000       1.0000000       1.0000000       1.0000000       1.0000000      0.99999982      0.99999702      0.99995106      0.99918962      0.98659831      0.86528641      0.60367048      0.32097617      0.10845343      1.48163168E-02  9.96162416E-04  6.20853025E-05  3.84390023E-06  2.38103794E-07  1.47443293E-08  9.12610154E-10  5.64633097E-11  3.49189644E-12  2.15842060E-13  1.33300743E-14  8.22727125E-16  5.45397037E-17  9.85558403E-18  8.29077917E-18 ;...
 ];
 qppm_unl_free=[
 -2.75337175E-02 -1.30894198E-03  3.50437351E-02  3.39270048E-02 -1.34767173E-02 -5.88254482E-02 -4.49635983E-02  2.83556860E-02  9.37771574E-02  7.80357867E-02 -2.36560442E-02 -0.13518685     -0.15837635     -4.27059196E-02  0.19108775      0.47435528      0.72927308      0.90290999      0.98762238       1.0143818       1.0194796       1.0168236       1.0050837      0.99159944      0.99208266       1.0064318       1.0132289      0.99903178      0.98159689      0.98845088       1.0159894       1.0278234       1.0015794      0.96449405      0.96575749       1.0141680       1.0592016       1.0439658      0.97116214      0.90762502      0.92265064       1.0217345       1.1341072       1.1609278       1.0445113      0.80568534      0.52257812      0.27447814      0.10218497      8.68852343E-03 -2.24152561E-02 -1.72255989E-02 -5.16988337E-03 -3.38727306E-03 -6.45142887E-03 -1.37633958E-03  8.60331301E-03  7.28166243E-03 -7.00660609E-03 -1.35766827E-02  1.04175345E-03  1.86339226E-02  1.14063742E-02 -1.62162706E-02 ;...
 ];
 qppm_cwl_free=[
  3.43811983E-08  1.06801039E-07  2.41335499E-07  9.55062546E-07  1.44454748E-06  3.55321845E-06  1.13679616E-05  6.29501810E-05  4.30058426E-04  1.61348470E-03  2.67877034E-03  3.47373844E-03  7.39819277E-03  2.83647552E-02  0.16160312      0.41253310      0.67175329      0.86064589      0.96304440      0.99210519      0.99694818      0.99823326      0.99930435      0.99983430      0.99996835      0.99998999      0.99999684      0.99999952      0.99999982      0.99999988      0.99999988      0.99999982      0.99999964      0.99999928      0.99999672      0.99998027      0.99994391      0.99991405      0.99984282      0.99947923      0.99701029      0.99205428      0.98839951      0.98401725      0.96774673      0.84748942      0.59878331      0.33647192      0.14172834      3.82573865E-02  6.03657262E-03  2.06800154E-03  6.34633121E-04  1.12461785E-04  2.70782766E-05  6.27280860E-06  1.46653463E-06  2.32008318E-07  5.60366473E-08  1.13148042E-08  3.38472805E-09  1.34199507E-09  2.97360692E-09  7.39648964E-09 ;...
 ];
 qppm_csl_free=[
 -7.87569745E-18 -3.44046751E-17 -2.32745066E-17  1.19904859E-16  1.68061480E-15  1.91720232E-14  2.11075298E-13  2.15627559E-12  2.37255441E-11  4.74552897E-10  3.35172530E-08  2.48727588E-06  1.82003190E-04  1.40307825E-02  0.16226369      0.41967574      0.67824495      0.86613691      0.96545529      0.99495554      0.99921584      0.99985790      0.99998295      0.99999559      0.99999952      0.99999988       1.0000000       1.0000000       1.0000000       1.0000000       1.0000000       1.0000000       1.0000000       1.0000000       1.0000000       1.0000000       1.0000000       1.0000000       1.0000000       1.0000000       1.0000000       1.0000000      0.99999905      0.99989200      0.98760182      0.83980018      0.58195353      0.32139370      0.13200134      3.31846699E-02  3.59509327E-03  5.37885120E-04  3.56964811E-05  5.59568025E-06  3.58802794E-07  2.14924789E-08  1.25050537E-09  7.78048598E-11  1.09986438E-11  1.28854230E-12  1.20009417E-13  2.03437612E-14  9.78180223E-16  1.67798934E-16 ;...
 ];
 q1st_free=[
  3.03001851E-02  3.43146957E-02  4.14828621E-02  5.20570427E-02  6.63232580E-02  8.45693275E-02  0.10704886      0.13394403      0.16533060      0.20114850      0.24118143      0.28504783      0.33220464      0.38196430      0.43352345      0.48600125      0.53848350      0.59006894      0.63991302      0.68726635      0.73150355      0.77214122      0.80884433      0.84142065      0.86980486      0.89403462      0.91422033      0.93051267      0.94306988      0.95202750      0.95747441      0.95943505      0.95786196      0.95263708      0.94358414      0.93048942      0.91313136      0.89131451      0.86490637      0.83387244      0.79830617      0.75845015      0.71470642      0.66763335      0.61793000      0.56640780      0.51395333      0.46148434      0.40990391      0.36005634      0.31268895      0.26842228      0.22773126      0.19093756      0.15821357      0.12959616      0.10500883      8.42896849E-02  6.72228858E-02  5.35709932E-02  4.31061387E-02  3.56378257E-02  3.10357455E-02  2.92460863E-02 ;...
 ];
 q2nd_free=[
 -9.69593786E-03  7.51212090E-02  0.14515921      0.17192268      0.12506218      2.01242138E-03 -0.14956662     -0.25408995     -0.26706845     -0.20747362     -0.12044608     -1.92498732E-02  0.11717735      0.29884997      0.49787721      0.66494912      0.76403010      0.79932851      0.81687558      0.86860365      0.96024102       1.0406247       1.0558523       1.0066863      0.94141251      0.90725124      0.92463958      0.99003118       1.0759429       1.1320579       1.1118296       1.0146865      0.89804274      0.83307528      0.84582233      0.91190344       1.0028448       1.1103609       1.2189401       1.2844819       1.2619928       1.1468288      0.98049140      0.81759250      0.68325126      0.55816317      0.41168904      0.25270784      0.13314874      9.03046355E-02  0.10090689      0.10690012      7.33810663E-02  9.73346457E-03 -4.91135232E-02 -6.70050085E-02 -2.68678740E-02  5.00012152E-02  0.10503674      8.49986598E-02 -3.65300965E-03 -9.46726650E-02 -0.12523468     -8.66874307E-02 ;...
 ];
