 q_free=[
   0.0000000       0.0000000       0.0000000       0.0000000       0.0000000       0.0000000       0.0000000       0.0000000       0.0000000       0.0000000       0.0000000       0.0000000       0.0000000       0.0000000       0.0000000       0.0000000       0.0000000       0.0000000       0.0000000       0.0000000       0.0000000       0.0000000       0.0000000       0.0000000       0.0000000       0.0000000       0.0000000       0.0000000       0.0000000       0.0000000       0.0000000       1.0000000       0.0000000       0.0000000       0.0000000       0.0000000       0.0000000       0.0000000       0.0000000       0.0000000       0.0000000       0.0000000       0.0000000       0.0000000       0.0000000       0.0000000       0.0000000       0.0000000       0.0000000       0.0000000       0.0000000       0.0000000       0.0000000       0.0000000       0.0000000       0.0000000       0.0000000       0.0000000       0.0000000       0.0000000       0.0000000       0.0000000       0.0000000       0.0000000     ;...
 ];
 qppm_lin_free=[
  2.84840304E-35  1.72506379E-34  2.81364748E-33  4.99457029E-32  8.86049744E-31  1.56586064E-29  2.75729396E-28  4.83927685E-27  8.46770260E-26  1.47755886E-24  2.57167535E-23  4.46557018E-22  7.73771968E-21  1.33806390E-19  2.30939583E-18  3.97857066E-17  6.84285254E-16  1.17507610E-14  2.01442134E-13  3.44731643E-12  5.89166702E-11  1.00603470E-09  1.71619288E-08  2.92301621E-07  4.96708390E-06  8.43590460E-05  1.43367751E-03  2.19847746E-02  9.14408267E-02  0.15709944      0.17622508      0.17652275      0.17040744      0.12548864      6.17507398E-02  1.59827210E-02  1.47907285E-03  8.94466139E-05  5.40678957E-06  3.27841832E-07  1.98667713E-08  1.20279731E-09  7.27616301E-11  4.39783409E-12  2.65573587E-13  1.60225074E-14  9.65749591E-16  5.81531066E-17  3.49815426E-18  2.10205554E-19  1.26173760E-20  7.56472018E-22  4.52995423E-23  2.70924654E-24  1.61819888E-25  9.65199128E-27  5.74876607E-28  3.41880070E-29  2.02990195E-30  1.20293039E-31  7.09815211E-33  4.16867949E-34  3.70610439E-35  2.23704151E-35 ;...
 ];
 qppm_unl_free=[
 -3.74055351E-03 -1.73437642E-03  4.51963069E-03  3.74653656E-03 -4.71652951E-03 -6.77220570E-03  3.44183343E-03  1.04809077E-02  5.23784547E-04 -1.34799164E-02 -8.14045314E-03  1.27766607E-02  1.85947903E-02 -4.18247376E-03 -2.69726478E-02 -1.47191053E-02  2.30550263E-02  3.79936099E-02  3.79464636E-03 -4.49083261E-02 -4.83517684E-02  7.67849293E-03  6.95180222E-02  6.88442886E-02 -5.91500616E-03 -9.40349996E-02 -0.11530683     -3.74149755E-02  0.10165858      0.22743015      0.28251454      0.25696805      0.18109211      9.71380994E-02  3.45439240E-02  1.57981506E-03 -8.67767539E-03 -7.56101450E-03 -3.56131862E-03 -7.01349403E-04  2.88330426E-04  3.27098445E-04  2.67433235E-04  1.13997055E-04 -1.50651074E-04 -9.13708282E-05  1.98876311E-04  5.16469627E-05 -3.00504558E-04 -1.36949884E-05  4.25513834E-04 -4.05076025E-05 -5.88494411E-04  1.08923959E-04  8.09276709E-04 -1.79470720E-04 -1.11476600E-03  2.25122698E-04  1.53975363E-03 -1.91143321E-04 -2.12003756E-03 -2.31590184E-05  2.87116226E-03  5.84681635E-04 ;...
 ];
 qppm_cwl_free=[
  1.19068469E-21  1.50285583E-20  1.65159780E-19  1.71927412E-18  1.71748751E-17  1.64868981E-16  1.50835403E-15  1.31156826E-14  1.22113284E-13  1.49944141E-12  2.42428074E-11  5.71475471E-11  2.93902819E-10  1.78400872E-09  1.16546826E-08  8.84298288E-08  2.75647039E-07  4.29793062E-07  5.93986158E-07  1.65895153E-06  8.29598503E-06  5.86834212E-05  2.07095713E-04  3.29570146E-04  5.49373101E-04  1.88121700E-03  9.05656163E-03  5.10946997E-02  0.10832202      0.14176580      0.14727126      0.14753540      0.14506803      0.12682129      7.76887983E-02  3.26081999E-02  8.04851856E-03  1.24823838E-03  3.52514093E-04  6.78784054E-05  1.07731166E-05  1.97354393E-06  5.35671688E-07  1.53892074E-07  3.86965482E-08  5.22996269E-09  1.11807696E-09  1.93396077E-10  4.38392378E-11  7.91655023E-12  9.30978168E-13  3.03608755E-13  7.44679587E-14  1.06292767E-14  2.53507305E-15  3.32086229E-16  5.13355038E-17  8.60261633E-18  4.16151361E-19  8.22278986E-20  7.27217532E-21  1.54560182E-21  1.38339722E-22 -1.22215917E-23 ;...
 ];
 qppm_csl_free=[
  6.53887541E-31 -2.32000267E-31 -6.27488700E-32  2.74406367E-30  3.46920740E-29  3.66195164E-28  3.76846019E-27  4.05243948E-26  4.59022482E-25  5.18787551E-24  5.45805855E-23  4.94733675E-22  5.55190743E-21  6.15682356E-20  6.90905450E-19  7.60445170E-18  8.18337059E-17  8.35365492E-16  8.71419111E-15  9.51946380E-14  9.99795190E-13  1.03164161E-11  9.34597816E-11  5.96573901E-09  4.59586857E-07  4.38617935E-05  2.79095187E-03  4.25318033E-02  0.10709648      0.15349118      0.16677357      0.16693713      0.15988739      0.11524531      6.01323545E-02  2.09781043E-02  3.59275937E-03  4.52684209E-04  4.20589240E-05  3.60814420E-06  2.77553625E-07  1.87887785E-08  1.07463416E-09  6.85327212E-11  9.98571191E-12  1.11745498E-12  1.11535611E-13  1.32537880E-14  1.33361049E-15  2.08698344E-16  7.33214053E-18  1.78183245E-18  2.16978625E-19  2.95912717E-20  2.82142865E-21  4.38907213E-22  2.21135303E-23  4.61903461E-24  3.51019240E-25  7.23304777E-26  5.03133444E-27  8.28288543E-28  6.34611190E-29  1.05691770E-29 ;...
 ];
 q1st_free=[
  1.42846820E-05  1.33866124E-05  1.69030518E-05  2.63810362E-05  4.48496648E-05  7.73584179E-05  1.31703739E-04  2.19326423E-04  3.56325821E-04  5.64488000E-04  8.72167875E-04  1.31481083E-03  1.93485653E-03  2.78075854E-03  3.90488817E-03  5.36017865E-03  7.19552115E-03  9.45011713E-03  1.21472096E-02  1.52878342E-02  1.88453812E-02  2.27618068E-02  2.69463025E-02  3.12769562E-02  3.56057398E-02  3.97665612E-02  4.35859524E-02  4.68952544E-02  4.95432578E-02  5.14077917E-02  5.24051189E-02  5.24961017E-02  5.16884699E-02  5.00351377E-02  4.76288050E-02  4.45936359E-02  4.10749763E-02  3.72282714E-02  3.32083181E-02  2.91597750E-02  2.52096690E-02  2.14622859E-02  1.79965235E-02  1.48655502E-02  1.20983701E-02  9.70282406E-03  7.66946143E-03  5.97578892E-03  4.59045498E-03  3.47705209E-03  2.59731617E-03  1.91363110E-03  1.39082212E-03  9.97295137E-04  7.05621729E-04  4.92689025E-04  3.39534134E-04  2.30975114E-04  1.55131667E-04  1.02907667E-04  6.74886032E-05  4.38895913E-05  2.85767146E-05  1.91764684E-05 ;...
 ];
 q2nd_free=[
  1.12140980E-02  5.05359620E-02  4.36973311E-02 -5.38633065E-03 -5.42762242E-02 -5.93309142E-02 -1.37784686E-02  4.65224572E-02  7.47648552E-02  4.94220294E-02 -1.34594599E-02 -7.20206499E-02 -8.67620036E-02 -4.84386198E-02  1.94163192E-02  8.05937648E-02  0.10429671      7.73756877E-02  1.31721357E-02 -5.74515238E-02 -0.10811268     -0.12462545     -0.10099460     -4.43682447E-02  2.37133224E-02  8.46750811E-02  0.13302207      0.16416706      0.17051885      0.15634821      0.13685076      0.11690481      9.01411921E-02  6.06826171E-02  4.26658504E-02  3.56725529E-02  2.46037636E-02  7.93033093E-03  1.62310281E-03  8.97685532E-03  1.12298392E-02 -1.06648949E-03 -1.01926513E-02 -6.38042344E-04  1.27507104E-02  6.84800837E-03 -1.14415167E-02 -1.35999331E-02  6.06886251E-03  1.92449037E-02  4.57747560E-03 -1.92845054E-02 -1.80688687E-02  9.46286041E-03  2.75019910E-02  1.02362903E-02 -2.30889712E-02 -3.06554995E-02 -2.06070021E-04  3.41905393E-02  3.17135900E-02 -7.88432080E-03 -4.31625098E-02 -3.50382887E-02 ;...
 ];
