 q_free=[
  0.54900855      0.59754515      0.64514232      0.69134170      0.73569840      0.77778512      0.81719667      0.85355341      0.88650525      0.91573483      0.94096065      0.96193975      0.97847015      0.99039263      0.99759239       1.0000000      0.99759239      0.99039263      0.97847015      0.96193975      0.94096065      0.91573477      0.88650519      0.85355335      0.81719661      0.77778506      0.73569834      0.69134170      0.64514232      0.59754515      0.54900855      0.49999997      0.45099139      0.40245479      0.35485762      0.30865824      0.26430160      0.22221483      0.18280332      0.14644657      0.11349474      8.42651650E-02  5.90393394E-02  3.80602106E-02  2.15298142E-02  9.60734766E-03  2.40763044E-03  4.27435864E-15  2.40764325E-03  9.60737281E-03  2.15298515E-02  3.80602591E-02  5.90394028E-02  8.42652321E-02  0.11349482      0.14644666      0.18280342      0.22221495      0.26430172      0.30865836      0.35485774      0.40245491      0.45099151      0.50000006     ;...
 ];
 qppm_lin_free=[
  0.54949015      0.59794122      0.64482653      0.69048536      0.73529434      0.77858907      0.81867409      0.85410583      0.88499147      0.91289455      0.93924379      0.96356082      0.98297745      0.99327314      0.99506330      0.99510670      0.99489784      0.99169964      0.98054636      0.96329230      0.94154942      0.91584188      0.88636172      0.85339528      0.81721050      0.77791488      0.73569727      0.69113255      0.64499384      0.59772372      0.54933167      0.49998200      0.45050982      0.40205872      0.35517344      0.30951461      0.26470560      0.22141087      0.18132585      0.14589414      0.11500853      8.71054307E-02  6.07561879E-02  3.64391655E-02  1.70225296E-02  6.72685355E-03  4.93669603E-03  4.89327358E-03  5.10215433E-03  8.30037612E-03  1.94536429E-02  3.67076881E-02  5.84506169E-02  8.41581672E-02  0.11363833      0.14660473      0.18278952      0.22208513      0.26430276      0.30886754      0.35500619      0.40227634      0.45066836      0.50001800     ;...
 ];
 qppm_unl_free=[
  0.54901481      0.59755033      0.64514637      0.69134456      0.73570001      0.77778548      0.81719583      0.85355133      0.88650197      0.91573036      0.94095510      0.96193314      0.97846252      0.99038410      0.99758297      0.99998981      0.99758154      0.99038124      0.97845829      0.96192759      0.94094819      0.91572231      0.88649273      0.85354102      0.81718457      0.77777338      0.73568714      0.69133109      0.64513236      0.59753603      0.54900032      0.49999270      0.45098516      0.40244964      0.35485363      0.30865541      0.26429999      0.22221446      0.18280415      0.14644863      0.11349799      8.42695907E-02  5.90448938E-02  3.80668379E-02  2.15374473E-02  9.61591303E-03  2.41704821E-03  1.01816468E-05  2.41848943E-03  9.61877592E-03  2.15417016E-02  3.80724445E-02  5.90518080E-02  8.42777416E-02  0.11350731      0.14645900      0.18281549      0.22222663      0.26431292      0.30866897      0.35486767      0.40246403      0.45099974      0.50000733     ;...
 ];
 qppm_cwl_free=[
  0.54960388      0.59744459      0.64420825      0.69063658      0.73636246      0.77950543      0.81810021      0.85201412      0.88328618      0.91407144      0.94385028      0.96883845      0.98465937      0.99030060      0.99093032      0.99100393      0.99086690      0.98982555      0.98329931      0.96610135      0.94299924      0.91626048      0.88641548      0.85338569      0.81711102      0.77775025      0.73566651      0.69132125      0.64515907      0.59757644      0.54899460      0.49993005      0.45094237      0.40250483      0.35496670      0.30868077      0.26415706      0.22202562      0.18280971      0.14674588      0.11385792      8.42659846E-02  5.84609546E-02  3.72384675E-02  2.12806426E-02  1.06814876E-02  4.76092426E-03  2.36267410E-03  2.60478095E-03  7.62870582E-03  1.98348220E-02  3.71775962E-02  5.87389842E-02  8.43083411E-02  0.11367544      0.14652170      0.18268389      0.22211920      0.26445708      0.30890271      0.35480818      0.40208885      0.45081452      0.50041401     ;...
 ];
 qppm_csl_free=[
  0.54941273      0.59756106      0.64458406      0.69081169      0.73598194      0.77883768      0.81794643      0.85289049      0.88457519      0.91424662      0.94195735      0.96583313      0.98301262      0.99184752      0.99391824      0.99406981      0.99403042      0.99133134      0.98047882      0.96333438      0.94154918      0.91582406      0.88641745      0.85348386      0.81719035      0.77778035      0.73564577      0.69129151      0.64517170      0.59761804      0.54899937      0.49987987      0.45090255      0.40253606      0.35504273      0.30871454      0.26408792      0.22189744      0.18277013      0.14690040      0.11409575      8.43096599E-02  5.81628159E-02  3.68092619E-02  2.11562850E-02  1.11379828E-02  5.64072747E-03  3.28641315E-03  3.24904616E-03  7.00834580E-03  1.89369041E-02  3.65801789E-02  5.85052557E-02  8.42609704E-02  0.11366984      0.14654708      0.18275017      0.22215053      0.26439226      0.30882558      0.35485166      0.40222839      0.45084921      0.50023085     ;...
 ];
 q1st_free=[
  0.53987229      0.57660741      0.61260474      0.64751762      0.68100983      0.71275884      0.74245882      0.76982385      0.79459029      0.81651968      0.83540076      0.85105181      0.86332202      0.87209326      0.87728101      0.87883532      0.87674129      0.87101901      0.86172360      0.84894460      0.83280510      0.81346047      0.79109710      0.76593024      0.73820233      0.70818043      0.67615366      0.64243042      0.60733545      0.57120681      0.53439242      0.49724680      0.46012771      0.42339259      0.38739526      0.35248238      0.31899017      0.28724116      0.25754115      0.23017617      0.20540971      0.18348034      0.16459921      0.14894818      0.13667797      0.12790675      0.12271899      0.12116466      0.12325871      0.12898099      0.13827640      0.15105538      0.16719490      0.18653952      0.20890293      0.23406976      0.26179764      0.29181957      0.32384637      0.35756961      0.39266455      0.42879319      0.46560758      0.50275320     ;...
 ];
 q2nd_free=[
  0.55397159      0.60243028      0.64990252      0.69593114      0.74007285      0.78190249      0.82101727      0.85704046      0.88962513      0.91845757      0.94325995      0.96379358      0.97986060      0.99130625      0.99802041      0.99993837      0.99704158      0.98935807      0.97696173      0.95997202      0.93855250      0.91290951      0.88328999      0.84997910      0.81329781      0.77359921      0.73126578      0.68670505      0.64034635      0.59263593      0.54403347      0.49500689      0.44602838      0.39756969      0.35009742      0.30406883      0.25992715      0.21809751      0.17898273      0.14295954      0.11037483      8.15424174E-02  5.67399897E-02  3.62064019E-02  2.01394036E-02  8.69372860E-03  1.97959761E-03  6.16699181E-05  2.95841671E-03  1.06419437E-02  2.30382588E-02  4.00279835E-02  6.14474937E-02  8.70905146E-02  0.11671007      0.15002093      0.18670227      0.22640082      0.26873428      0.31329498      0.35965371      0.40736407      0.45596656      0.50499314     ;...
 ];
