 q_free=[
   0.0000000       0.0000000       0.0000000       0.0000000       0.0000000       0.0000000       0.0000000       0.0000000       0.0000000       0.0000000       0.0000000       0.0000000       0.0000000       0.0000000       0.0000000       0.0000000       1.0000000       1.0000000       1.0000000       1.0000000       1.0000000       1.0000000       1.0000000       1.0000000       1.0000000       1.0000000       1.0000000       1.0000000       1.0000000       1.0000000       1.0000000       1.0000000       1.0000000       1.0000000       1.0000000       1.0000000       1.0000000       1.0000000       1.0000000       1.0000000       1.0000000       1.0000000       1.0000000       1.0000000       1.0000000       1.0000000       1.0000000       0.0000000       0.0000000       0.0000000       0.0000000       0.0000000       0.0000000       0.0000000       0.0000000       0.0000000       0.0000000       0.0000000       0.0000000       0.0000000       0.0000000       0.0000000       0.0000000       0.0000000     ;...
 ];
 qppm_free=[
  9.25073798E-18  3.02159979E-17  3.90136255E-16  6.40033214E-15  1.06440566E-13  1.76990573E-12  2.94127812E-11  4.88597551E-10  8.11395839E-09  1.34688776E-07  2.23430402E-06  3.70307753E-05  6.13096228E-04  1.01395305E-02  0.11441293      0.36739060      0.65271461      0.87511259      0.98097944      0.99868441      0.99991792      0.99999493      0.99999970       1.0000000       1.0000000       1.0000000       1.0000000       1.0000000       1.0000000       1.0000000       1.0000000       1.0000000       1.0000000       1.0000000       1.0000000       1.0000000       1.0000000       1.0000000       1.0000000       1.0000000      0.99999988      0.99999779      0.99996299      0.99938691      0.98986048      0.88558710      0.63260943      0.34728542      0.12488739      1.90205779E-02  1.31562108E-03  8.20842251E-05  5.08802168E-06  3.15142330E-07  1.95159942E-08  1.20805632E-09  7.47482701E-11  4.62307016E-12  2.85789757E-13  1.76528341E-14  1.08929824E-15  7.06631347E-17  1.06795444E-17  8.31346873E-18 ;...
 ];
 qppm1_free=[
 -2.80809551E-02 -5.01223514E-03  3.25558633E-02  3.63910161E-02 -7.92881567E-03 -5.63895069E-02 -4.95202914E-02  2.01772060E-02  9.01362598E-02  8.39961246E-02 -1.15786288E-02 -0.12669432     -0.16198926     -6.03075139E-02  0.16425148      0.44618133      0.70688993      0.88971645      0.98233491       1.0131323       1.0194286       1.0175232       1.0065203      0.99247807      0.99125296       1.0050212       1.0134888       1.0009795      0.98249871      0.98653054       1.0134119       1.0283298       1.0053264      0.96703231      0.96322399       1.0085578       1.0568690       1.0486021      0.97919297      0.91115797      0.91689354       1.0098138       1.1253457       1.1643004       1.0624508      0.83290052      0.55036283      0.29626593      0.11575850      1.48798432E-02 -2.13984549E-02 -1.84586402E-02 -6.03442825E-03 -3.18994327E-03 -6.40083011E-03 -2.25764723E-03  7.93492980E-03  8.13161675E-03 -5.61573356E-03 -1.38701834E-02 -9.42871964E-04  1.77432895E-02  1.33619392E-02 -1.36623550E-02 ;...
 ];
 qppm2_free=[
  1.97763555E-02  2.90282983E-02  1.54031198E-02 -2.28354465E-02 -4.57763560E-02 -2.09101196E-02  3.68190482E-02  7.60507137E-02  7.64024407E-02  2.96627972E-02 -7.46546090E-02 -0.16827813     -0.17229602     -4.40140031E-02  0.19783403      0.47783870      0.72554117      0.89899993      0.98254871      0.99687082      0.99707365      0.99585837       1.0003295       1.0067520       1.0064390      0.99711722      0.98958027      0.99700052       1.0128090       1.0167472       1.0041344      0.98110217      0.97727114       1.0044127       1.0357528       1.0414350       1.0169274      0.96162993      0.92813742      0.95869488       1.0428437       1.1160928       1.1314937       1.1111275      0.99543566      0.77471507      0.50405830      0.26296827      0.10424218      2.87192967E-02  2.74509611E-03 -4.87294188E-03 -4.68685990E-03  1.07331795E-03  4.99147037E-03  2.57656723E-03 -5.00082271E-03 -6.30727364E-03  3.30059067E-03  1.12964865E-02  8.69004149E-03 -6.55636331E-03 -1.70988869E-02 -5.06276824E-03 ;...
 ];
 qppm3_free=[
  1.06627408E-06  2.54725734E-07 -4.93067525E-08 -1.03600982E-07 -9.66419691E-08  2.80873529E-08  2.56743419E-07 -1.60525531E-06 -8.03462081E-06  2.84388861E-05  2.19270136E-04 -4.16697643E-04 -5.54209063E-03  3.34443199E-03  0.12980095      0.37761536      0.64017898      0.84264797      0.96113968       1.0106552       1.0205921       1.0145956       1.0060139       1.0009249      0.99926066      0.99926102      0.99966860      0.99994570       1.0000335       1.0000314       1.0000117       1.0000006      0.99999821      0.99999893      0.99999982       1.0000002       1.0000001       1.0000000       1.0000018       1.0000082      0.99997157      0.99978054       1.0004163       1.0055414      0.99665517      0.87019944      0.62238497      0.35982111      0.15735206      3.88602912E-02 -1.06552122E-02 -2.05921493E-02 -1.45956632E-02 -6.01387769E-03 -9.24985448E-04  7.39362091E-04  7.38954288E-04  3.31374787E-04  5.42755333E-05 -3.35091609E-05 -3.13138407E-05 -1.16941101E-05 -6.47081208E-07  1.73532396E-06 ;...
 ];
 qppm4_free=[
  2.99760750E-08  1.00569856E-07  2.08609407E-07  8.91609886E-07  1.36911558E-06  3.12710768E-06  1.00101515E-05  5.29650897E-05  3.53288313E-04  1.48924382E-03  2.60809413E-03  3.38215940E-03  6.41060621E-03  2.46127434E-02  0.14047331      0.38538358      0.64814347      0.84562689      0.95658654      0.99093431      0.99688685      0.99807161      0.99921662      0.99980277      0.99996352      0.99998975      0.99999601      0.99999940      0.99999976      0.99999988      0.99999988      0.99999982      0.99999970      0.99999934      0.99999714      0.99998319      0.99994719      0.99991667      0.99985999      0.99953586      0.99743336      0.99251771      0.98869824      0.98490161      0.97021043      0.86795324      0.62603825      0.36058870      0.15714830      4.48799767E-02  7.17661809E-03  2.32195389E-03  7.16711802E-04  1.38747753E-04  2.75914190E-05  8.55747840E-06  1.67541521E-06  2.78134280E-07  6.62981066E-08  1.29309443E-08  3.56311047E-09  1.47642421E-09  2.80067614E-09  6.29115204E-09 ;...
 ];
 qppm4a_free=[
  5.48619078E-03  1.43161314E-02  1.12157082E-02 -9.58931539E-03 -2.53161695E-02 -2.26106159E-02  7.87653588E-03  4.28625308E-02  4.85219993E-02  2.22516172E-02 -5.09544276E-02 -0.10583404     -0.11042038     -5.51851504E-02  0.15287928      0.44563907      0.72377181      0.91891789      0.99404961       1.0018011       1.0007880      0.99898243      0.99927819       1.0018924       1.0028653       1.0002271      0.99574590      0.99562758       1.0020123       1.0080210       1.0065275      0.99437940      0.98579907      0.98893785       1.0094054       1.0250618       1.0228074      0.99270171      0.95658702      0.95063990      0.97845691       1.0525188       1.1045247       1.1078533       1.0558777      0.85318756      0.55514765      0.26910347      7.88656175E-02  1.03902472E-02 -1.91703482E-04 -1.75062334E-03 -1.73207512E-03 -5.54255639E-05  1.57312816E-03  1.06100319E-03 -1.82871753E-03 -2.84041767E-03 -1.87740618E-04  4.23601363E-03  4.33033472E-03 -1.97742716E-03 -7.95287453E-03 -6.57626102E-03 ;...
 ];
