 q_free=[
   0.0000000       0.0000000       0.0000000       0.0000000       0.0000000       0.0000000       0.0000000       0.0000000       0.0000000       0.0000000       0.0000000       0.0000000       0.0000000       0.0000000       0.0000000       0.0000000       1.0000000       1.0000000       1.0000000       1.0000000       1.0000000       1.0000000       1.0000000       1.0000000       1.0000000       1.0000000       1.0000000       1.0000000       1.0000000       1.0000000       1.0000000       1.0000000       1.0000000       1.0000000       1.0000000       1.0000000       1.0000000       1.0000000       1.0000000       1.0000000       1.0000000       1.0000000       1.0000000       1.0000000       1.0000000       1.0000000       1.0000000       0.0000000       0.0000000       0.0000000       0.0000000       0.0000000       0.0000000       0.0000000       0.0000000       0.0000000       0.0000000       0.0000000       0.0000000       0.0000000       0.0000000       0.0000000       0.0000000       0.0000000     ;...
 ];
 qppm_lin_free=[
  9.25073798E-18  3.02159979E-17  3.90136255E-16  6.40033214E-15  1.06440566E-13  1.76990573E-12  2.94127812E-11  4.88597551E-10  8.11395839E-09  1.34688776E-07  2.23430402E-06  3.70307753E-05  6.13096228E-04  1.01395305E-02  0.11441293      0.36739060      0.65271461      0.87511259      0.98097944      0.99868441      0.99991792      0.99999493      0.99999970       1.0000000       1.0000000       1.0000000       1.0000000       1.0000000       1.0000000       1.0000000       1.0000000       1.0000000       1.0000000       1.0000000       1.0000000       1.0000000       1.0000000       1.0000000       1.0000000       1.0000000      0.99999988      0.99999779      0.99996299      0.99938691      0.98986048      0.88558710      0.63260943      0.34728542      0.12488739      1.90205779E-02  1.31562108E-03  8.20842251E-05  5.08802168E-06  3.15142330E-07  1.95159942E-08  1.20805632E-09  7.47482701E-11  4.62307016E-12  2.85789757E-13  1.76528341E-14  1.08929824E-15  7.06631347E-17  1.06795444E-17  8.31346873E-18 ;...
 ];
 qppm_unl_free=[
 -2.80809551E-02 -5.01223514E-03  3.25558633E-02  3.63910161E-02 -7.92881567E-03 -5.63895069E-02 -4.95202914E-02  2.01772060E-02  9.01362598E-02  8.39961246E-02 -1.15786288E-02 -0.12669432     -0.16198926     -6.03075139E-02  0.16425148      0.44618133      0.70688993      0.88971645      0.98233491       1.0131323       1.0194286       1.0175232       1.0065203      0.99247807      0.99125296       1.0050212       1.0134888       1.0009795      0.98249871      0.98653054       1.0134119       1.0283298       1.0053264      0.96703231      0.96322399       1.0085578       1.0568690       1.0486021      0.97919297      0.91115797      0.91689354       1.0098138       1.1253457       1.1643004       1.0624508      0.83290052      0.55036283      0.29626593      0.11575850      1.48798432E-02 -2.13984549E-02 -1.84586402E-02 -6.03442825E-03 -3.18994327E-03 -6.40083011E-03 -2.25764723E-03  7.93492980E-03  8.13161675E-03 -5.61573356E-03 -1.38701834E-02 -9.42871964E-04  1.77432895E-02  1.33619392E-02 -1.36623550E-02 ;...
 ];
 qppm_cwl_free=[
  2.99760750E-08  1.00569856E-07  2.08609407E-07  8.91609886E-07  1.36911558E-06  3.12710768E-06  1.00101515E-05  5.29650897E-05  3.53288313E-04  1.48924382E-03  2.60809413E-03  3.38215940E-03  6.41060621E-03  2.46127434E-02  0.14047331      0.38538358      0.64814347      0.84562689      0.95658654      0.99093431      0.99688685      0.99807161      0.99921662      0.99980277      0.99996352      0.99998975      0.99999601      0.99999940      0.99999976      0.99999988      0.99999988      0.99999982      0.99999970      0.99999934      0.99999714      0.99998319      0.99994719      0.99991667      0.99985999      0.99953586      0.99743336      0.99251771      0.98869824      0.98490161      0.97021043      0.86795324      0.62603825      0.36058870      0.15714830      4.48799767E-02  7.17661809E-03  2.32195389E-03  7.16711802E-04  1.38747753E-04  2.75914190E-05  8.55747840E-06  1.67541521E-06  2.78134280E-07  6.62981066E-08  1.29309443E-08  3.56311047E-09  1.47642421E-09  2.80067614E-09  6.29115204E-09 ;...
 ];
 qppm_csl_free=[
 -3.25813250E-18 -3.36643451E-17 -2.66807603E-17  9.09340691E-17  1.35754966E-15  1.55437763E-14  1.71326861E-13  1.75560087E-12  1.92541139E-11  3.16034615E-10  2.18612826E-08  1.62156869E-06  1.18676675E-04  9.14323051E-03  0.14045893      0.39228225      0.65477443      0.85132605      0.95917654      0.99393606      0.99897861      0.99982667      0.99998206      0.99999464      0.99999940      0.99999988       1.0000000       1.0000000       1.0000000       1.0000000       1.0000000       1.0000000       1.0000000       1.0000000       1.0000000       1.0000000       1.0000000       1.0000000       1.0000000       1.0000000       1.0000000       1.0000000      0.99999940      0.99993253      0.99225491      0.86165714      0.60946685      0.34507340      0.14686894      3.94242108E-02  4.61274013E-03  6.52611430E-04  5.11341859E-05  6.61685317E-06  4.00914644E-07  3.66753383E-08  1.66684322E-09  1.01734357E-10  1.28562655E-11  1.62162438E-12  1.50409619E-13  2.54701994E-14  1.22176117E-15  2.07164764E-16 ;...
 ];
 q1st_free=[
  3.01947761E-02  3.39132436E-02  4.07660455E-02  5.09996228E-02  6.48966357E-02  8.27447176E-02  0.10480091      0.13125452      0.16219194      0.19756670      0.23717813      0.28066120      0.32748896      0.37698832      0.42836753      0.48075348      0.53323531      0.58491039      0.63492858      0.68253106      0.72707981      0.76807743      0.80517399      0.83816302      0.86696643      0.89161164      0.91220176      0.92888343      0.94181412      0.95113176      0.95692968      0.95923901      0.95801926      0.95315957      0.94448942      0.93179893      0.91486716      0.89349616      0.86754715      0.83697581      0.80186278      0.76243573      0.71908081      0.67234063      0.62290031      0.57156003      0.51919878      0.46673125      0.41506195      0.36504111      0.31742570      0.27284896      0.23180036      0.19461693      0.16148597      0.13245790      0.10746756      8.63616019E-02  6.89295679E-02  5.49361818E-02  4.41526249E-02  3.63846570E-02  3.14959511E-02  2.94250529E-02 ;...
 ];
 q2nd_free=[
 -1.77472420E-02  6.73045591E-02  0.14010277      0.17255941      0.13317676      1.56012159E-02 -0.13652623     -0.24775712     -0.26903641     -0.21466757     -0.12978642     -3.09548900E-02  0.10149859      0.27990174      0.47941247      0.65130150      0.75699222      0.79659748      0.81358278      0.86163491      0.95158368       1.0355184       1.0572271       1.0123278      0.94653982      0.90834767      0.92074060      0.98256862       1.0686926       1.1298819       1.1173136       1.0252783      0.90738165      0.83607483      0.84214765      0.90417659      0.99300480       1.0995613       1.2100189       1.2818891       1.2684120       1.1606480      0.99697042      0.83259726      0.69626898      0.57163435      0.42689928      0.26683196      0.14165248      9.21839625E-02  0.10005407      0.10807884      7.80887529E-02  1.58821978E-02 -4.50718217E-02 -6.78271428E-02 -3.25345248E-02  4.32968177E-02  0.10291149      9.00900811E-02  5.31871710E-03 -8.82912949E-02 -0.12528840     -9.22721475E-02 ;...
 ];
