 q_free=[
  0.54900855      0.59754515      0.64514232      0.69134170      0.73569840      0.77778512      0.81719667      0.85355341      0.88650525      0.91573483      0.94096065      0.96193975      0.97847015      0.99039263      0.99759239       1.0000000      0.99759239      0.99039263      0.97847015      0.96193975      0.94096065      0.91573477      0.88650519      0.85355335      0.81719661      0.77778506      0.73569834      0.69134170      0.64514232      0.59754515      0.54900855      0.49999997      0.45099139      0.40245479      0.35485762      0.30865824      0.26430160      0.22221483      0.18280332      0.14644657      0.11349474      8.42651650E-02  5.90393394E-02  3.80602106E-02  2.15298142E-02  9.60734766E-03  2.40763044E-03  4.27435864E-15  2.40764325E-03  9.60737281E-03  2.15298515E-02  3.80602591E-02  5.90394028E-02  8.42652321E-02  0.11349482      0.14644666      0.18280342      0.22221495      0.26430172      0.30865836      0.35485774      0.40245491      0.45099151      0.50000006     ;...
 ];
 qppm_lin_free=[
  0.55439627      0.60270256      0.64944094      0.69500548      0.73971105      0.78276914      0.82243937      0.85738558      0.88788986      0.91558957      0.94179374      0.96578187      0.98448676      0.99371421      0.99508560      0.99510705      0.99482065      0.99094659      0.97905773      0.96130234      0.93915206      0.91306025      0.88321722      0.84991825      0.81341869      0.77381885      0.73133522      0.68657875      0.64031368      0.59293419      0.54443234      0.49502379      0.44560373      0.39729738      0.35055903      0.30499449      0.26028892      0.21723081      0.17756060      0.14261442      0.11211012      8.44104141E-02  5.82062416E-02  3.42181250E-02  1.55132143E-02  6.28576567E-03  4.91439924E-03  4.89296252E-03  5.17933024E-03  9.05344449E-03  2.09422689E-02  3.86977009E-02  6.08479567E-02  8.69398043E-02  0.11678284      0.15008178      0.18658131      0.22618121      0.26866481      0.31342131      0.35968637      0.40706587      0.45556766      0.50497621     ;...
 ];
 qppm_unl_free=[
  0.55389738      0.60235983      0.64983654      0.69587022      0.74001753      0.78185338      0.82097483      0.85700512      0.88959724      0.91843736      0.94324768      0.96378928      0.97986430      0.99131799      0.99804002      0.99996567      0.99707633      0.98939991      0.97701031      0.96002686      0.93861306      0.91297519      0.88336009      0.85005307      0.81337488      0.77367866      0.73134679      0.68678695      0.64042819      0.59271705      0.54411304      0.49508414      0.44610262      0.39764014      0.35016343      0.30412975      0.25998241      0.21814656      0.17902511      0.14299484      0.11040272      8.15626234E-02  5.67523204E-02  3.62107269E-02  2.01356821E-02  8.68198927E-03  1.95996137E-03  3.43328757E-05  2.92364601E-03  1.06000733E-02  2.29896884E-02  3.99731770E-02  6.13869801E-02  8.70248675E-02  0.11663993      0.14994694      0.18662517      0.22632137      0.26865324      0.31321314      0.35957187      0.40728298      0.45588702      0.50491583     ;...
 ];
 qppm_cwl_free=[
  0.55445558      0.60216057      0.64886111      0.69525838      0.74082589      0.78358918      0.82168764      0.85522395      0.88636976      0.91712856      0.94663411      0.97088128      0.98565209      0.99046308      0.99095768      0.99100637      0.99083513      0.98961359      0.98197132      0.96398693      0.94046789      0.91341305      0.88325763      0.84990364      0.81330949      0.77365750      0.73132616      0.68677980      0.64045805      0.59275562      0.54410100      0.49501917      0.44606698      0.39770487      0.35027486      0.30413973      0.25982651      0.21796632      0.17905934      0.14331327      0.11074573      8.15045089E-02  5.61199412E-02  3.53988744E-02  1.99841242E-02  9.89413355E-03  4.38016979E-03  2.27943715E-03  2.79210717E-03  8.55996460E-03  2.13679280E-02  3.91522646E-02  6.11182079E-02  8.70783329E-02  0.11680791      0.14999053      0.18648292      0.22623165      0.26881936      0.31343433      0.35947421      0.40689948      0.45574996      0.50537086     ;...
 ];
 qppm_csl_free=[
  0.55428267      0.60231197      0.64924079      0.69538808      0.74039453      0.78293383      0.82162493      0.85618716      0.88762057      0.91711980      0.94455707      0.96789157      0.98427457      0.99230838      0.99394381      0.99407429      0.99400645      0.99061352      0.97900915      0.96134531      0.93914658      0.91304600      0.88328022      0.85000235      0.81338447      0.77368212      0.73130214      0.68675232      0.64047521      0.59279668      0.54409987      0.49496624      0.44603226      0.39774311      0.35035092      0.30416489      0.25974774      0.21783966      0.17903642      0.14348449      0.11097728      8.15166533E-02  5.57940081E-02  3.49796563E-02  1.99102964E-02  1.04061663E-02  5.28232940E-03  3.17933876E-03  3.40648484E-03  7.79905077E-03  2.04910543E-02  3.85933183E-02  6.09131195E-02  8.70400742E-02  0.11680433      0.15002003      0.18655001      0.22625493      0.26874763      0.31336394      0.35953131      0.40703872      0.45576471      0.50517339     ;...
 ];
 q1st_free=[
  0.54358357      0.58027673      0.61619675      0.65099770      0.68434453      0.71591598      0.74540806      0.77253670      0.79704070      0.81868398      0.83725822      0.85258442      0.86451507      0.87293524      0.87776387      0.87895441      0.87649536      0.87041050      0.86075842      0.84763199      0.83115768      0.81149411      0.78883076      0.76338577      0.73540419      0.70515561      0.67293119      0.63904142      0.60381258      0.56758398      0.53070450      0.49352929      0.45641643      0.41972330      0.38380328      0.34900227      0.31565547      0.28408402      0.25459194      0.22746329      0.20295931      0.18131600      0.16274178      0.14741555      0.13548490      0.12706473      0.12223613      0.12104560      0.12350462      0.12958948      0.13924161      0.15236802      0.16884233      0.18850587      0.21116927      0.23661426      0.26459581      0.29484442      0.32706881      0.36095858      0.39618742      0.43241605      0.46929553      0.50647068     ;...
 ];
 q2nd_free=[
  0.55884087      0.60722190      0.65457040      0.70043027      0.74435985      0.78593618      0.82475877      0.86045372      0.89267731      0.92111921      0.94550556      0.96560138      0.98121321      0.99219072      0.99842817      0.99986541      0.99648875      0.98833060      0.97546959      0.95802951      0.93617839      0.91012663      0.88012511      0.84646273      0.80946380      0.76948452      0.72691000      0.68215019      0.63563615      0.58781588      0.53914988      0.49010685      0.44115913      0.39277804      0.34542957      0.29956970      0.25564009      0.21406379      0.17524122      0.13954625      0.10732264      7.88807273E-02  5.44944294E-02  3.43985967E-02  1.87867656E-02  7.80928275E-03  1.57186133E-03  1.34569505E-04  3.51125025E-03  1.16693880E-02  2.45304182E-02  4.19704877E-02  6.38216361E-02  8.98734257E-02  0.11987496      0.15353730      0.19053628      0.23051554      0.27309006      0.31784987      0.36436388      0.41218415      0.46085012      0.50989312     ;...
 ];
